batch_size : 8,epoch_num: 1,worker_num : 0,conn_mode : 1,prefetch :1
num_classes is  1000
now you are using GPU 1
开始训练
Epoch: [0][     1/160145]	Time 0.655447 (0.655447)	Data 0.233629 (0.233629)	Train 0.421818 (0.421818)	Loss 7.2563e+00 (7.2563e+00)	Acc@1 0.0000 (0.0000)	Acc@5 0.0000 (0.0000)
Epoch: [0][     2/160145]	Time 0.122961 (0.389204)	Data 0.094046 (0.163837)	Train 0.028915 (0.225367)	Loss 6.6536e+00 (6.9549e+00)	Acc@1 0.0000 (0.0000)	Acc@5 0.0000 (0.0000)
Epoch: [0][     3/160145]	Time 0.098285 (0.292231)	Data 0.078118 (0.135264)	Train 0.020167 (0.156967)	Loss 6.7578e+00 (6.8892e+00)	Acc@1 0.0000 (0.0000)	Acc@5 0.0000 (0.0000)
Epoch: [0][     4/160145]	Time 0.102161 (0.244713)	Data 0.082278 (0.122018)	Train 0.019882 (0.122696)	Loss 7.2400e+00 (6.9769e+00)	Acc@1 0.0000 (0.0000)	Acc@5 0.0000 (0.0000)
Epoch: [0][     5/160145]	Time 0.087057 (0.213182)	Data 0.067239 (0.111062)	Train 0.019818 (0.102120)	Loss 6.8735e+00 (6.9562e+00)	Acc@1 0.0000 (0.0000)	Acc@5 0.0000 (0.0000)
训练已经结束
