batch_size : 8,epoch_num: 1,worker_num : 1,conn_mode : 1,prefetch :1
num_classes is  1000
now you are using GPU 1
开始训练
Epoch: [0][     1/160145]	Time 0.776103 (0.776103)	Data 0.315113 (0.315113)	Train 0.460990 (0.460990)	Loss 6.9856e+00 (6.9856e+00)	Acc@1 0.0000 (0.0000)	Acc@5 0.0000 (0.0000)
Epoch: [0][     2/160145]	Time 0.025013 (0.400558)	Data 0.000709 (0.157911)	Train 0.024304 (0.242647)	Loss 7.1960e+00 (7.0908e+00)	Acc@1 0.0000 (0.0000)	Acc@5 0.0000 (0.0000)
Epoch: [0][     3/160145]	Time 0.095750 (0.298955)	Data 0.073103 (0.129642)	Train 0.022647 (0.169314)	Loss 6.9630e+00 (7.0482e+00)	Acc@1 0.0000 (0.0000)	Acc@5 0.0000 (0.0000)
Epoch: [0][     4/160145]	Time 0.077796 (0.243666)	Data 0.055721 (0.111162)	Train 0.022075 (0.132504)	Loss 7.3723e+00 (7.1292e+00)	Acc@1 0.0000 (0.0000)	Acc@5 0.0000 (0.0000)
Epoch: [0][     5/160145]	Time 0.079370 (0.210807)	Data 0.057012 (0.100332)	Train 0.022358 (0.110475)	Loss 6.8548e+00 (7.0743e+00)	Acc@1 0.0000 (0.0000)	Acc@5 0.0000 (0.0000)
训练已经结束
