batch_size : 8,epoch_num: 1,worker_num : 2,conn_mode : 1,prefetch :1
num_classes is  1000
now you are using GPU 1
开始训练
Epoch: [0][     1/160145]	Time 0.769657 (0.769657)	Data 0.306244 (0.306244)	Train 0.463413 (0.463413)	Loss 6.9706e+00 (6.9706e+00)	Acc@1 0.0000 (0.0000)	Acc@5 0.0000 (0.0000)
Epoch: [0][     2/160145]	Time 0.024819 (0.397238)	Data 0.000781 (0.153513)	Train 0.024037 (0.243725)	Loss 6.8891e+00 (6.9299e+00)	Acc@1 0.0000 (0.0000)	Acc@5 0.0000 (0.0000)
Epoch: [0][     3/160145]	Time 0.016457 (0.270311)	Data 0.000625 (0.102550)	Train 0.015831 (0.167761)	Loss 7.0383e+00 (6.9660e+00)	Acc@1 0.0000 (0.0000)	Acc@5 0.0000 (0.0000)
Epoch: [0][     4/160145]	Time 0.080887 (0.222955)	Data 0.057341 (0.091248)	Train 0.023546 (0.131707)	Loss 6.8371e+00 (6.9338e+00)	Acc@1 0.0000 (0.0000)	Acc@5 0.0000 (0.0000)
Epoch: [0][     5/160145]	Time 0.024791 (0.183322)	Data 0.001112 (0.073221)	Train 0.023679 (0.110101)	Loss 6.9032e+00 (6.9277e+00)	Acc@1 0.0000 (0.0000)	Acc@5 0.0000 (0.0000)
训练已经结束
