batch_size : 8,epoch_num: 1,worker_num : 4,conn_mode : 1,prefetch :1
num_classes is  1000
now you are using GPU 1
开始训练
Epoch: [0][     1/160145]	Time 0.836498 (0.836498)	Data 0.343047 (0.343047)	Train 0.493451 (0.493451)	Loss 7.0246e+00 (7.0246e+00)	Acc@1 0.0000 (0.0000)	Acc@5 0.0000 (0.0000)
Epoch: [0][     2/160145]	Time 0.028242 (0.432370)	Data 0.001040 (0.172043)	Train 0.027202 (0.260326)	Loss 7.1697e+00 (7.0972e+00)	Acc@1 0.0000 (0.0000)	Acc@5 0.0000 (0.0000)
Epoch: [0][     3/160145]	Time 0.015438 (0.293393)	Data 0.000594 (0.114894)	Train 0.014844 (0.178499)	Loss 7.2373e+00 (7.1439e+00)	Acc@1 0.0000 (0.0000)	Acc@5 0.0000 (0.0000)
Epoch: [0][     4/160145]	Time 0.015092 (0.223818)	Data 0.000531 (0.086303)	Train 0.014561 (0.137514)	Loss 7.2594e+00 (7.1728e+00)	Acc@1 0.0000 (0.0000)	Acc@5 0.0000 (0.0000)
Epoch: [0][     5/160145]	Time 0.016455 (0.182345)	Data 0.000674 (0.069177)	Train 0.015782 (0.113168)	Loss 7.0363e+00 (7.1455e+00)	Acc@1 0.0000 (0.0000)	Acc@5 0.0000 (0.0000)
训练已经结束
